16.76305461424021
19.1049731745428
20.09975124224178
19.924858845171276
12.727922061357855
13.45362404707371
5.0990195135927845
9.848857801796104
17.46424919657298
16.278820596099706
14.866068747318506
6.0
28.653097563788805
29.614185789921695
19.1049731745428
16.55294535724685
34.132096331752024
19.026297590440446
35.05709628591621
31.0
31.38470965295043
25.059928172283335
25.0
26.832815729997478
18.24828759089466
15.231546211727817
15.0
53.53503525729669
29.154759474226502
25.0
24.186773244895647
52.69724850502159
18.24828759089466
38.0
20.12461179749811
24.839484696748443
30.01666203960727
11.40175425099138
42.20189569201838
39.45883931389772
18.110770276274835
27.294688127912362
25.059928172283335
42.5440947723653
27.294688127912362
15.132745950421556
17.88854381999832
20.248456731316587
29.732137494637012
32.57299494980466
39.824615503479755
20.024984394500787
17.0
34.40930106817051
28.844410203711913
25.079872407968907
24.166091947189145
29.966648127543394
32.69556544854363
24.186773244895647
30.083217912982647
25.179356624028344
23.259406699226016
29.5296461204668
27.018512172212592
32.526911934581186
27.85677655436824
29.410882339705484
32.55764119219941
26.68332812825267
34.058772731852805
38.47076812334269
26.570660511172846
22.20360331117452
25.079872407968907
29.5296461204668
29.017236257093817
37.0
29.154759474226502
35.35533905932738
27.294688127912362
30.805843601498726
35.014282800023196
27.51363298439521
26.832815729997478
26.570660511172846
23.706539182259394
32.7566787083184
30.610455730027933
33.60059523282288
14.866068747318506
37.57658845611187
32.55764119219941
28.178005607210743
28.160255680657446
42.01190307520001
34.0147027033899
44.598206241955516
16.492422502470642
22.360679774997898
14.866068747318506
23.853720883753127
27.202941017470888
28.460498941515414
29.120439557122072
26.832815729997478
26.1725046566048
18.973665961010276
26.0
21.93171219946131
31.016124838541646
32.55764119219941
29.068883707497267
28.844410203711913
26.0
32.2490309931942
37.12142238654117
29.0
34.20526275297414
29.206163733020468
30.364452901377952
30.463092423455635
28.178005607210743
23.08679276123039
36.6742416417845
28.319604517012593
29.0
38.897300677553446
32.202484376209235
37.64306044943742
30.23243291566195
35.805027579936315
35.90264614203248
33.015148038438355
30.805843601498726
34.23448553724738
34.52535300326414
30.805843601498726
39.81205847478876
34.92849839314596
15.0
33.24154027718932
30.0
32.202484376209235
26.419689627245813
33.13608305156178
26.68332812825267
20.591260281974
22.090722034374522
28.635642126552707
36.22154055254967
37.53664875824692
26.019223662515376
32.0624390837628
36.89173349139343
17.46424919657298
21.213203435596427
24.041630560342615
30.463092423455635
13.45362404707371
35.35533905932738
34.828149534535996
29.068883707497267
22.0
50.15974481593781
21.840329667841555
27.80287754891569
27.730849247724095
20.248456731316587
34.20526275297414
21.93171219946131
36.013886210738214
33.015148038438355
27.892651361962706
32.01562118716424
25.553864678361276
15.0
11.661903789690601
25.238858928247925
26.90724809414742
29.120439557122072
25.495097567963924
27.892651361962706
31.827660925679098
39.66106403010388
30.610455730027933
49.040799340956916
29.546573405388315
26.076809620810597
30.805843601498726
10.295630140987
17.46424919657298
27.16615541441225
27.65863337187866
25.0
21.02379604162864
